vcgencmd hdmi_timings 1920 1 135 224 266 240 1 2 3 16 0 0 0 0 0 1078853632 1
vcgencmd hdmi_timings 1920 1 135 224 266 240 1 2 3 16 0 0 0 0 0 1078853632 1
vcgencmd hdmi_timings 1920 1 135 224 266 240 1 2 3 16 0 0 0 60.000000.0 0 39854700.000000.0 1
vcgencmd hdmi_timings 1920 1 135 224 266 240 1 2 3 16 0 0 0 60.000000.0 0 39854700.000000.0 1
vcgencmd hdmi_timings 1920 1 135 224 266 240 1 2 3 16 0 0 0 60 0 39854700 1
vcgencmd hdmi_timings 1920 1 135 224 266 240 1 2 3 16 0 0 0 60 0 39854700 1
vcgencmd hdmi_timings 1920 1 135 224 266 240 1 2 3 16 0 0 0 60 0 39854700 1
vcgencmd hdmi_timings 1920 1 135 224 266 240 1 2 3 16 0 0 0 60 0 39854700 1
vcgencmd hdmi_timings 1920 1 135 224 266 240 1 2 3 16 0 0 0 60.0 0 39854700 1
vcgencmd hdmi_timings 1920 1 135 224 266 240 1 2 3 16 0 0 0 60.0 0 39854700 1
